#Points used for interpolating range in Hour Angle (HA)=
#for a given declination.  Later converted into Local Siderial
#time. These numbers were created with the script process_telescope_limits.py
#which grabs the alt az limits from the same table used by the TCS
#
#Dec.	min(HA)	max(HA)
-51.0	1.0	1.0
-50.0	-0.667848888797	2.21544924493
-49.5	-0.794195873151	2.94775005398
-49.0	-0.920542857505	0.837407218162
-48.5	-1.0376909698	0.478739087219
-48.0	-1.08941329797	1.10723904628
-47.5	-1.14113562613	1.73573900534
-47.0	-1.19285795429	2.3642389644
-46.5	-1.24458028245	2.99273892346
-46.0	-1.29630261061	3.35511754927
-45.5	-1.34802493877	3.40262868543
-45.0	-1.39264726742	3.4501398216
-44.5	-1.43634398978	3.49765095777
-44.0	-1.48004071214	3.54516209394
-43.5	-1.5237374345	3.59267323011
-43.0	-1.56743415686	3.64018436627
-42.5	-1.61113087922	3.68481921069
-42.0	-1.65482760158	3.72594825225
-41.5	-1.69762658983	3.76707729382
-41.0	-1.73887779417	3.80820633538
-40.5	-1.78012899851	3.84933537694
-40.0	-1.82138020285	3.8904644185
-39.5	-1.86263140719	3.93159346007
-39.0	-1.90388261153	3.97272250163
-38.5	-1.94513381587	4.01209726467
-38.0	-1.98544480361	4.04818937293
-37.5	-2.02112286208	4.08428148119
-37.0	-2.05680092055	4.12037358945
-36.5	-2.09247897903	4.15646569771
-36.0	-2.1281570375	4.19255780597
-35.5	-2.16383509598	4.22864991423
-35.0	-2.19951315445	4.26474202249
-34.5	-2.23519121293	4.30083413075
-34.0	-2.2708692714	4.33668019233
-33.5	-2.30654732987	4.36934221023
-33.0	-2.34222538835	4.40200422813
-32.5	-2.38767835487	4.43466624603
-32.0	-2.44391204197	4.46732826392
-31.5	-2.50014572908	4.49999028182
-31.0	-2.55637941618	4.53265229972
-30.5	-2.61261310329	4.56531431762
-30.0	-2.6688467904	4.59797633551
-29.5	-2.72421795986	4.63063835341
-29.0	-2.77916246879	4.66330037131
-28.5	-2.83410697771	4.68706347432
-28.0	-2.88905148664	4.7100331614
-27.5	-2.94399599556	4.73300284848
-27.0	-2.99894050449	4.75597253557
-26.5	-3.05881713242	4.77894222265
-26.0	-3.12148455347	4.80191190973
-25.5	-3.18415197452	4.82488159682
-25.0	-3.24681939557	4.8478512839
-24.5	-3.30948681662	4.87082097098
-24.0	-4.37114515168	4.89379065806
-23.5	-4.83459671653	4.91676034515
-23.0	-4.59160030335	4.93973003223
-22.5	-4.27545623544	4.96269971931
-22.0	-3.95931216754	4.9856694064
-21.5	-3.6952276064	5.00801342815
-21.0	-4.25753527348	5.02921905033
-20.5	-4.10830252058	5.05042467251
-20.0	-4.39256459421	5.07163029469
-19.5	-5.10102391621	5.09283591687
-19.0	-5.11744678296	5.11404153905
-18.5	-5.087664193	5.13524716123
-18.0	-5.05788160303	5.15645278341
-17.5	-5.02809901307	5.17765840558
-17.0	-4.9983164231	5.19886402776
-16.5	-5.02781834806	5.22006964994
-16.0	-5.07473769645	5.24127527212
-15.5	-5.11711827895	5.2624808943
-15.0	-5.15949886144	5.28368651648
-14.5	-5.20187944393	5.30489213866
-14.0	-5.24426002642	5.32609776084
-13.5	-5.28664060892	5.34758829535
-13.0	-5.32902119141	5.36927013233
-12.5	-5.3714017739	5.39095196931
-12.0	-5.41378235639	5.41263380629
-11.5	-5.45616293889	5.43431564327
-11.0	-5.49665633147	5.45599748025
-10.5	-5.51539815294	5.47767931723
-10.0	-5.53413997442	5.49936115421
-9.5	-5.5528817959	5.52104299119
-9.0	-5.57162361738	5.54272482817
-8.5	-5.59036543885	5.56440666515
-8.0	-5.60910726033	5.58608850212
-7.5	-5.62784908181	5.6077703391
-7.0	-5.64659090328	5.62945217608
-6.5	-5.66533272476	5.65113401306
-6.0	-5.68407454624	5.67281585004
-5.5	-5.70281636772	5.69370394945
-5.0	-5.72164706883	5.71340558655
-4.5	-5.74151448302	5.73310722364
-4.0	-5.7613818972	5.75280886074
-3.5	-5.78124931139	5.77251049784
-3.0	-5.80111672558	5.79221213494
-2.5	-5.82098413976	5.81191377204
-2.0	-5.84085155395	5.83161540913
-1.5	-5.86071896814	5.85131704623
-1.0	-5.88058638232	5.87101868333
-0.5	-5.90045379651	5.89072032043
0.0	-5.9203906449	5.91042195753
0.5	-5.94098421671	5.93012359463
1.0	-5.96157778852	5.94982523172
1.5	-5.98217136034	5.96952686882
2.0	-6.00276493215	5.98922850592
2.5	-6.02335850396	6.00893014302
3.0	-6.04395207577	5.95503041809
3.5	-6.06454564759	5.91808879586
4.0	-6.0851392194	5.94620875605
4.5	-6.10573279121	5.97432871624
5.0	-6.12632636302	6.00244867644
5.5	-6.14515324251	6.03056863663
6.0	-6.16383064704	6.05868859683
6.5	-6.18250805158	6.08680855702
7.0	-6.20118545611	6.11492851722
7.5	-6.21986286065	6.14304847741
8.0	-6.23854026518	6.1711684376
8.5	-6.25721766972	6.1992883978
9.0	-6.27589507425	6.22740835799
9.5	-6.29457247879	6.25552831819
10.0	-6.31324988332	6.28364827838
10.5	-6.32009304578	6.31176823858
11.0	-6.32008632288	6.33988819877
11.5	-6.32007959999	6.36095587597
12.0	-6.3200728771	6.38196416817
12.5	-6.32006615421	6.40297246038
13.0	-6.32005943132	6.42398075258
13.5	-6.27322947287	6.44498904479
14.0	-6.20863221533	6.46599733699
14.5	-6.1440349578	6.4870056292
15.0	-6.08001355636	6.5080139214
15.5	-6.01948621913	6.52902221361
16.0	-5.95895888191	6.55003050581
16.5	-5.89843154468	6.57103879802
17.0	-5.83790420746	6.59204709022
17.5	-5.77737687023	6.61305538242
18.0	-5.71684953301	6.63406367463
18.5	-5.65632219578	6.65507196683
19.0	-5.59579485856	6.67608025904
19.5	-5.53526752133	6.70103864617
20.0	-5.47474018411	6.72660767876
20.5	-5.39871907918	6.75217671135
21.0	-5.32246295588	6.77774574395
21.5	-5.24620683258	6.80331477654
22.0	-5.16995070929	6.82888380913
22.5	-5.09369458599	6.85445284173
23.0	-5.01743846269	6.88002187432
23.5	-4.9411823394	6.90559090691
24.0	-4.86566319424	6.9311599395
24.5	-4.79018544776	6.9567289721
25.0	-4.71917566708	6.98229800469
25.5	-4.66170107539	7.00786703728
26.0	-4.6042264837	7.03444706127
26.5	-4.54675189201	7.06116036957
27.0	-4.48927730032	7.08787367787
27.5	-4.43180270862	7.11458698617
28.0	-4.37740401783	7.14130029447
28.5	-4.32917978511	7.16801360277
29.0	-4.28095555238	7.19472691107
29.5	-4.23273131966	7.22144021937
30.0	-4.18460816451	7.24815352767
30.5	-4.13736287683	7.27486683597
31.0	-4.09011758914	7.30158014427
31.5	-4.04287230146	7.32829345257
32.0	-3.99562701377	7.35500676088
32.5	-3.94887130062	7.38600028712
33.0	-3.90873683121	7.41919417545
33.5	-3.8686023618	7.45238806379
34.0	-3.82846789239	7.48558195213
34.5	-3.78833342298	7.51877584046
35.0	-3.74819895357	7.5519697288
35.5	-3.70963977281	7.58516361714
36.0	-3.67108999412	7.61835750547
36.5	-3.63254021543	7.65155139381
37.0	-3.59399043674	7.68516001238
37.5	-3.55544065805	7.72013446696
38.0	-3.51689087937	7.75510892154
38.5	-3.47982725947	7.79008337612
39.0	-3.44289284822	7.8250578307
39.5	-3.40595843698	7.86003228528
40.0	-3.36902402573	7.89500673986
40.5	-3.33274645309	7.92998119445
41.0	-3.29778336594	7.96495564903
41.5	-3.26282027879	7.99993010361
42.0	-3.22785719164	8.04237873274
42.5	-3.1928941045	8.08795218631
43.0	-3.15793101735	8.13352563988
43.5	-3.1230712262	8.17909909345
44.0	-3.0885225492	8.22467254702
44.5	-3.05397387221	8.27024600059
45.0	-3.01986283525	8.31581945416
45.5	-2.98970212199	8.36218750725
46.0	-2.95954140872	8.41211276526
46.5	-2.92938069545	8.46203802326
47.0	-2.89921998219	8.51196328127
47.5	-2.86905926892	8.56188853927
48.0	-2.83889855565	8.61181379728
48.5	-2.80867686731	8.66173905528
49.0	-2.77843165771	8.72093438864
49.5	-2.74818644811	8.79009837379
50.0	-2.71794123851	8.85926235894
50.5	-2.68628910123	8.92842634409
51.0	-2.65230932218	8.99759032924
51.5	-2.61832954314	9.0823941404
52.0	-2.5843497641	9.17514185031
52.5	-2.55036998505	9.26788956022
53.0	-2.51806682001	9.35853884452
53.5	-2.49921075931	9.4424959691
54.0	-2.4803546986	9.52645309368
54.5	-2.4614986379	9.61041021825
55.0	-2.4426425772	9.69436734283
55.5	-2.42087197629	9.78473924866
56.0	-2.39533479354	9.87529034771
56.5	-2.36979761079	9.96584144676
57.0	-2.34426042804	10.0785527326
57.5	-2.31872324529	10.2122651426
58.0	-2.29318606254	10.3452927594
58.5	-2.26764887979	10.4150391437
59.0	-2.24211169704	10.484785528
59.5	-2.21657451429	10.5545319124
60.0	-2.19103733154	10.6242782967
60.5	-2.17021276618	10.6946914311
61.0	-2.14957202304	10.7662066473
61.5	-2.1289312799	10.8377218634
62.0	-2.10829053677	10.9092370796
62.5	-2.08764979363	10.9807522958
63.0	-2.06700905049	11.0719026404
63.5	-2.04636830736	11.2931756255
64.0	-2.02572756422	11.5144486106
64.5	-2.0071802213	11.3918047044
65.0	-1.98962638299	11.5012471674
65.5	-1.97207254469	11.6106896304
66.0	-1.95451870639	11.7201320934
66.5	-1.93696486808	11.768786393
67.0	-1.91941102978	11.7737442631
67.5	-1.90185719148	11.7787021333
68.0	-1.88430335318	11.7836600034
68.5	-1.86674951487	11.7886178735
69.0	-1.84919567657	11.7935757436
69.5	-1.83164183827	11.7985336137
70.0	-1.81408799997	11.8034914838
70.5	-1.79653416166	11.8084493539
71.0	-1.77898032336	11.813407224
71.5	-1.76142648506	11.8183650941
72.0	-1.74392954416	11.8233229643
72.5	-1.72850679113	11.8282808344
73.0	-1.71308403809	11.8332387045
73.5	-1.69766128505	11.8381965746
74.0	-1.68223853201	11.8431544447
74.5	-1.66681577897	11.8481123148
75.0	-1.65139302593	11.8530701849
75.5	-1.63597027289	11.858028055
76.0	-1.62054751986	11.8629859251
76.5	-1.60512476682	11.8679437953
77.0	-1.58970201378	11.8729016654
77.5	-1.57427926074	11.8778595355
78.0	-1.55732144927	11.8828174056
78.5	-1.53445674557	11.8877752757
79.0	-1.51159204187	11.8927331458
79.5	-1.48872733818	11.8976910159
80.0	-1.46586263448	11.902648886
80.5	-1.44299793078	11.9076067561
81.0	-1.42013322709	11.9125646263
81.5	-1.39726852339	11.9175224964
82.0	-1.27451504993	11.9224803665
82.5	-1.12588178263	11.9274382366
83.0	-0.98051993016	11.9323961067
83.5	-0.858653587804	11.9373539768
84.0	-0.738730407153	11.9423118469
84.5	-0.618807226502	11.947269717
85.0	-0.498884045851	11.9522275871
85.5	0.0	11.9571854573
86.0	0.0	11.9621433274
86.5	0.0	11.9671011975
87.0	0.0	11.9720590676
87.5	0.0	11.9770169377
88.0	0.0	11.9819748078
88.5	0.0	11.9869326779
89.0	0.0	11.991890548
89.5	0.0	11.9968484182
90.0	0.0	12.0
